17, 0	0.0
18, 0	0.0
3, 0	0.008333334
4, 0	0.008333334
5, 0	0.0
6, 0	0.0
7, 0	0.0
8, 0	0.0
9, 0	0.0
0, 0	0.008333334
10, 0	0.0
1, 0	0.0
11, 0	0.0
12, 0	0.0
13, 0	0.0
14, 0	0.0
15, 0	0.0
16, 0	0.0
2, 0	0.0
19, 0	0.0
19, 0	0.0
0, 0	0.0
18, 0	0.004166667
17, 0	0.0
16, 0	0.0
15, 0	0.0
14, 0	0.0
13, 0	0.0
12, 0	0.0
11, 0	0.0
10, 0	0.0
9, 0	0.004166667
8, 0	0.0
7, 0	0.004166667
6, 0	0.004166667
5, 0	0.004166667
4, 0	0.0
3, 0	0.0
2, 0	0.0
1, 0	0.004166667
0, 0	0.0
16, 0	0.0
18, 0	0.0
3, 0	0.0
19, 0	0.0
4, 0	0.0
5, 0	0.0
6, 0	0.0
7, 0	0.0
8, 0	0.0
9, 0	0.0
10, 0	0.0125
11, 0	0.0
12, 0	0.0
13, 0	0.0
14, 0	0.0
1, 0	0.0
2, 0	0.0125
15, 0	0.0
17, 0	0.0
17, 0	0.0
2, 0	0.0
18, 0	0.0
16, 0	0.0035714288
15, 0	0.0
0, 0	0.0035714288
14, 0	0.0
13, 0	0.0
12, 0	0.0
11, 0	0.0035714288
19, 0	0.0
10, 0	0.0
9, 0	0.0035714288
8, 0	0.0035714288
7, 0	0.0035714288
6, 0	0.0
5, 0	0.0
4, 0	0.0
1, 0	0.0
3, 0	0.0035714288
0, 0	0.004166667
2, 0	0.0
16, 0	0.0
14, 0	0.0
18, 0	0.0
5, 0	0.0
17, 0	0.004166667
3, 0	0.0
6, 0	0.0
7, 0	0.004166667
8, 0	0.0
9, 0	0.004166667
10, 0	0.0
15, 0	0.004166667
19, 0	0.0
4, 0	0.004166667
11, 0	0.0
1, 0	0.0
12, 0	0.0
13, 0	0.0
19, 0	0.0
17, 0	0.0
4, 0	0.0
16, 0	0.0
18, 0	0.0
14, 0	0.003125
13, 0	0.0
2, 0	0.0
0, 0	0.0
12, 0	0.003125
11, 0	0.0
10, 0	0.003125
9, 0	0.003125
8, 0	0.0
7, 0	0.003125
3, 0	0.0
6, 0	0.003125
1, 0	0.003125
15, 0	0.0
5, 0	0.003125
13, 0	0.003125
18, 0	0.003125
6, 0	0.003125
16, 0	0.0
14, 0	0.0
12, 0	0.0
2, 0	0.0
0, 0	0.0
11, 0	0.0
4, 0	0.0
10, 0	0.003125
9, 0	0.0
17, 0	0.0
8, 0	0.003125
5, 0	0.003125
3, 0	0.0
15, 0	0.003125
7, 0	0.0
19, 0	0.0
1, 0	0.003125
0, 0	0.0
19, 0	0.0
10, 0	0.0
1, 0	0.004166667
6, 0	0.0
17, 0	0.0
18, 0	0.0
8, 0	0.0
7, 0	0.004166667
9, 0	0.0
16, 0	0.0
13, 0	0.0
11, 0	0.0
5, 0	0.004166667
3, 0	0.004166667
14, 0	0.004166667
12, 0	0.0
2, 0	0.0
15, 0	0.0
4, 0	0.004166667
19, 0	0.0
18, 0	0.0
12, 0	0.0
8, 0	0.0050000004
2, 0	0.0
3, 0	0.0050000004
10, 0	0.0
5, 0	0.0
4, 0	0.0
16, 0	0.0
0, 0	0.0
1, 0	0.0
17, 0	0.0050000004
7, 0	0.0
6, 0	0.0050000004
14, 0	0.0
11, 0	0.0
15, 0	0.0050000004
9, 0	0.0
13, 0	0.0
14, 0	0.0
17, 0	0.0
15, 0	0.003125
8, 0	0.0
3, 0	0.003125
4, 0	0.003125
18, 0	0.0
16, 0	0.0
11, 0	0.003125
5, 0	0.003125
19, 0	0.0
6, 0	0.0
13, 0	0.0
12, 0	0.003125
7, 0	0.0
1, 0	0.003125
0, 0	0.0
10, 0	0.0
9, 0	0.003125
2, 0	0.0
0, 0	0.0
12, 0	0.0035714288
17, 0	0.0
16, 0	0.0
15, 0	0.0
19, 0	0.0035714288
18, 0	0.0035714288
1, 0	0.0
5, 0	0.0035714288
9, 0	0.0
13, 0	0.0
3, 0	0.0
11, 0	0.0
14, 0	0.0
2, 0	0.0035714288
7, 0	0.0
10, 0	0.0035714288
6, 0	0.0035714288
4, 0	0.0
8, 0	0.0
5, 0	0.0
12, 0	0.0
3, 0	0.0050000004
1, 0	0.0
19, 0	0.0050000004
11, 0	0.0050000004
7, 0	0.0
14, 0	0.0
17, 0	0.0
15, 0	0.0
10, 0	0.0
18, 0	0.0
16, 0	0.0050000004
13, 0	0.0
9, 0	0.0050000004
0, 0	0.0
8, 0	0.0
2, 0	0.0
4, 0	0.0
6, 0	0.0
16, 0	0.004166667
2, 0	0.0
18, 0	0.0
4, 0	0.0
9, 0	0.004166667
1, 0	0.0
10, 0	0.004166667
6, 0	0.0
19, 0	0.0
13, 0	0.0
14, 0	0.0
11, 0	0.0
15, 0	0.0
17, 0	0.004166667
7, 0	0.0
12, 0	0.004166667
3, 0	0.0
5, 0	0.004166667
8, 0	0.0
0, 0	0.0
19, 0	0.0
13, 0	0.0125
5, 0	0.0
17, 0	0.0
15, 0	0.0
12, 0	0.0
11, 0	0.0
10, 0	0.0
9, 0	0.0
8, 0	0.0
18, 0	0.0
16, 0	0.0
7, 0	0.0
0, 0	0.0
6, 0	0.0125
2, 0	0.0
4, 0	0.0
14, 0	0.0
3, 0	0.0
1, 0	0.0
4, 0	0.0
7, 0	0.00625
8, 0	0.0
19, 0	0.0
9, 0	0.0
14, 0	0.00625
17, 0	0.00625
10, 0	0.0
2, 0	0.0
11, 0	0.0
1, 0	0.0
12, 0	0.0
3, 0	0.0
13, 0	0.0
5, 0	0.00625
6, 0	0.0
16, 0	0.0
18, 0	0.0
15, 0	0.0
0, 0	0.0
19, 0	0.0
15, 0	0.0050000004
3, 0	0.0
17, 0	0.0
14, 0	0.0
13, 0	0.0
12, 0	0.0
11, 0	0.0
10, 0	0.0
9, 0	0.0050000004
8, 0	0.0050000004
7, 0	0.0
6, 0	0.0050000004
18, 0	0.0
5, 0	0.0
0, 0	0.0
4, 0	0.0050000004
2, 0	0.0
16, 0	0.0
1, 0	0.0
18, 0	0.0050000004
17, 0	0.0
5, 0	0.0
16, 0	0.0050000004
19, 0	0.0
6, 0	0.0
7, 0	0.0
8, 0	0.0
9, 0	0.0
10, 0	0.0
11, 0	0.0050000004
12, 0	0.0050000004
13, 0	0.0
14, 0	0.0
1, 0	0.0
15, 0	0.0
3, 0	0.0050000004
2, 0	0.0
4, 0	0.0
0, 0	0.0
19, 0	0.0
17, 0	0.004166667
16, 0	0.0
15, 0	0.0
14, 0	0.004166667
13, 0	0.0
12, 0	0.004166667
11, 0	0.0
10, 0	0.0
9, 0	0.0
8, 0	0.004166667
7, 0	0.0
6, 0	0.0
5, 0	0.0
4, 0	0.004166667
3, 0	0.0
0, 0	0.0
2, 0	0.0
18, 0	0.004166667
1, 0	0.0
3, 0	0.0
1, 0	0.004166667
18, 0	0.004166667
4, 0	0.0
5, 0	0.0
6, 0	0.004166667
7, 0	0.0
8, 0	0.0
9, 0	0.0
10, 0	0.004166667
11, 0	0.0
12, 0	0.0
13, 0	0.0
14, 0	0.0
15, 0	0.0
16, 0	0.004166667
19, 0	0.0
17, 0	0.004166667
2, 0	0.0
0, 0	0.0
19, 0	0.008333334
18, 0	0.0
17, 0	0.0
16, 0	0.0
15, 0	0.0
14, 0	0.0
13, 0	0.0
12, 0	0.0
11, 0	0.008333334
10, 0	0.008333334
8, 0	0.0
7, 0	0.0
6, 0	0.0
5, 0	0.0
4, 0	0.0
3, 0	0.0
2, 0	0.0
1, 0	0.0
0, 0	0.0
9, 0	0.0
