17, 0	0.0
18, 0	0.0
3, 0	0.0068452386
4, 0	0.0068452386
5, 0	0.0
6, 0	0.0
7, 0	0.0
8, 0	0.0
9, 0	0.0
0, 0	0.0068452386
10, 0	0.0
1, 0	0.0
11, 0	0.0
12, 0	0.0
13, 0	0.0
14, 0	0.0
15, 0	0.0
16, 0	0.0
2, 0	0.0
19, 0	0.0
19, 0	0.0
0, 0	0.0
18, 0	0.0039062505
17, 0	0.0
16, 0	0.0
15, 0	0.0
14, 0	0.0
13, 0	0.0
12, 0	0.0
11, 0	0.0
10, 0	0.0
9, 0	0.0039062505
8, 0	0.0
7, 0	0.0039062505
6, 0	0.0039062505
5, 0	0.0039062505
4, 0	0.0
3, 0	0.0
2, 0	0.0
1, 0	0.0039062505
0, 0	0.0
16, 0	0.0
18, 0	0.0
3, 0	0.0
19, 0	0.0
4, 0	0.0
5, 0	0.0
6, 0	0.0
7, 0	0.0
8, 0	0.0
9, 0	0.0
10, 0	0.010267857
11, 0	0.0
12, 0	0.0
13, 0	0.0
14, 0	0.0
1, 0	0.0
2, 0	0.010267857
15, 0	0.0
17, 0	0.0
17, 0	0.0
2, 0	0.0
18, 0	0.0
16, 0	0.004228317
15, 0	0.0
0, 0	0.004228317
14, 0	0.0
13, 0	0.0
12, 0	0.0
11, 0	0.004228317
19, 0	0.0
10, 0	0.0
9, 0	0.004228317
8, 0	0.004228317
7, 0	0.004228317
6, 0	0.0
5, 0	0.0
4, 0	0.0
1, 0	0.0
3, 0	0.004228317
0, 0	0.004496528
2, 0	0.0
16, 0	0.0
14, 0	0.0
18, 0	0.0
5, 0	0.0
17, 0	0.004496528
3, 0	0.0
6, 0	0.0
7, 0	0.004496528
8, 0	0.0
9, 0	0.004496528
10, 0	0.0
15, 0	0.004496528
19, 0	0.0
4, 0	0.004496528
11, 0	0.0
1, 0	0.0
12, 0	0.0
13, 0	0.0
19, 0	0.0
17, 0	0.0
4, 0	0.0
16, 0	0.0
18, 0	0.0
14, 0	0.0035435269
13, 0	0.0
2, 0	0.0
0, 0	0.0
12, 0	0.0035435269
11, 0	0.0
10, 0	0.0035435269
9, 0	0.0035435269
8, 0	0.0
7, 0	0.0035435269
3, 0	0.0
6, 0	0.0035435269
1, 0	0.0035435269
15, 0	0.0
5, 0	0.0035435269
13, 0	0.0041034226
18, 0	0.0041034226
6, 0	0.0041034226
16, 0	0.0
14, 0	0.0
12, 0	0.0
2, 0	0.0
0, 0	0.0
11, 0	0.0
4, 0	0.0
10, 0	0.0041034226
9, 0	0.0
17, 0	0.0
8, 0	0.0041034226
5, 0	0.0041034226
3, 0	0.0
15, 0	0.0041034226
7, 0	0.0
19, 0	0.0
1, 0	0.0041034226
0, 0	0.0
19, 0	0.0
10, 0	0.0
1, 0	0.004203869
6, 0	0.0
17, 0	0.0
18, 0	0.0
8, 0	0.0
7, 0	0.004203869
9, 0	0.0
16, 0	0.0
13, 0	0.0
11, 0	0.0
5, 0	0.004203869
3, 0	0.004203869
14, 0	0.004203869
12, 0	0.0
2, 0	0.0
15, 0	0.0
4, 0	0.004203869
19, 0	0.0
18, 0	0.0
12, 0	0.0
8, 0	0.00458631
2, 0	0.0
3, 0	0.00458631
10, 0	0.0
5, 0	0.0
4, 0	0.0
16, 0	0.0
0, 0	0.0
1, 0	0.0
17, 0	0.00458631
7, 0	0.0
6, 0	0.00458631
14, 0	0.0
11, 0	0.0
15, 0	0.00458631
9, 0	0.0
13, 0	0.0
14, 0	0.0
17, 0	0.0
15, 0	0.0035825893
8, 0	0.0
3, 0	0.0035825893
4, 0	0.0035825893
18, 0	0.0
16, 0	0.0
11, 0	0.0035825893
5, 0	0.0035825893
19, 0	0.0
6, 0	0.0
13, 0	0.0
12, 0	0.0035825893
7, 0	0.0
1, 0	0.0035825893
0, 0	0.0
10, 0	0.0
9, 0	0.0035825893
2, 0	0.0
0, 0	0.0
12, 0	0.0045705787
17, 0	0.0
16, 0	0.0
15, 0	0.0
19, 0	0.0045705787
18, 0	0.0045705787
1, 0	0.0
5, 0	0.0045705787
9, 0	0.0
13, 0	0.0
3, 0	0.0
11, 0	0.0
14, 0	0.0
2, 0	0.0045705787
7, 0	0.0
10, 0	0.0045705787
6, 0	0.0045705787
4, 0	0.0
8, 0	0.0
5, 0	0.0
12, 0	0.0
3, 0	0.005002977
1, 0	0.0
19, 0	0.005002977
11, 0	0.005002977
7, 0	0.0
14, 0	0.0
17, 0	0.0
15, 0	0.0
10, 0	0.0
18, 0	0.0
16, 0	0.005002977
13, 0	0.0
9, 0	0.005002977
0, 0	0.0
8, 0	0.0
2, 0	0.0
4, 0	0.0
6, 0	0.0
16, 0	0.004012897
2, 0	0.0
18, 0	0.0
4, 0	0.0
9, 0	0.004012897
1, 0	0.0
10, 0	0.004012897
6, 0	0.0
19, 0	0.0
13, 0	0.0
14, 0	0.0
11, 0	0.0
15, 0	0.0
17, 0	0.004012897
7, 0	0.0
12, 0	0.004012897
3, 0	0.0
5, 0	0.004012897
8, 0	0.0
0, 0	0.0
19, 0	0.0
13, 0	0.01015625
5, 0	0.0
17, 0	0.0
15, 0	0.0
12, 0	0.0
11, 0	0.0
10, 0	0.0
9, 0	0.0
8, 0	0.0
18, 0	0.0
16, 0	0.0
7, 0	0.0
0, 0	0.0
6, 0	0.01015625
2, 0	0.0
4, 0	0.0
14, 0	0.0
3, 0	0.0
1, 0	0.0
4, 0	0.0
7, 0	0.0053385417
8, 0	0.0
19, 0	0.0
9, 0	0.0
14, 0	0.0053385417
17, 0	0.0053385417
10, 0	0.0
2, 0	0.0
11, 0	0.0
1, 0	0.0
12, 0	0.0
3, 0	0.0
13, 0	0.0
5, 0	0.0053385417
6, 0	0.0
16, 0	0.0
18, 0	0.0
15, 0	0.0
0, 0	0.0
19, 0	0.0
15, 0	0.0045416667
3, 0	0.0
17, 0	0.0
14, 0	0.0
13, 0	0.0
12, 0	0.0
11, 0	0.0
10, 0	0.0
9, 0	0.0045416667
8, 0	0.0045416667
7, 0	0.0
6, 0	0.0045416667
18, 0	0.0
5, 0	0.0
0, 0	0.0
4, 0	0.0045416667
2, 0	0.0
16, 0	0.0
1, 0	0.0
18, 0	0.0046904767
17, 0	0.0
5, 0	0.0
16, 0	0.0046904767
19, 0	0.0
6, 0	0.0
7, 0	0.0
8, 0	0.0
9, 0	0.0
10, 0	0.0
11, 0	0.0046904767
12, 0	0.0046904767
13, 0	0.0
14, 0	0.0
1, 0	0.0
15, 0	0.0
3, 0	0.0046904767
2, 0	0.0
4, 0	0.0
0, 0	0.0
19, 0	0.0
17, 0	0.0044097225
16, 0	0.0
15, 0	0.0
14, 0	0.0044097225
13, 0	0.0
12, 0	0.0044097225
11, 0	0.0
10, 0	0.0
9, 0	0.0
8, 0	0.0044097225
7, 0	0.0
6, 0	0.0
5, 0	0.0
4, 0	0.0044097225
3, 0	0.0
0, 0	0.0
2, 0	0.0
18, 0	0.0044097225
1, 0	0.0
3, 0	0.0
1, 0	0.0040997025
18, 0	0.0040997025
4, 0	0.0
5, 0	0.0
6, 0	0.0040997025
7, 0	0.0
8, 0	0.0
9, 0	0.0
10, 0	0.0040997025
11, 0	0.0
12, 0	0.0
13, 0	0.0
14, 0	0.0
15, 0	0.0
16, 0	0.0040997025
19, 0	0.0
17, 0	0.0040997025
2, 0	0.0
0, 0	0.0
19, 0	0.006984127
18, 0	0.0
17, 0	0.0
16, 0	0.0
15, 0	0.0
14, 0	0.0
13, 0	0.0
12, 0	0.0
11, 0	0.006984127
10, 0	0.006984127
8, 0	0.0
7, 0	0.0
6, 0	0.0
5, 0	0.0
4, 0	0.0
3, 0	0.0
2, 0	0.0
1, 0	0.0
0, 0	0.0
9, 0	0.0
