17, 0	0.0
18, 0	0.0
3, 0	0.013333335
4, 0	0.013333335
5, 0	0.0
6, 0	0.0
7, 0	0.0
8, 0	0.0
9, 0	0.0
0, 0	0.013333335
10, 0	0.0
1, 0	0.0
11, 0	0.0
12, 0	0.0
13, 0	0.0
14, 0	0.0
15, 0	0.0
16, 0	0.0
2, 0	0.0
19, 0	0.0
19, 0	0.0
0, 0	0.0
18, 0	0.0066666673
17, 0	0.0
16, 0	0.0
15, 0	0.0
14, 0	0.0
13, 0	0.0
12, 0	0.0
11, 0	0.0
10, 0	0.0
9, 0	0.0066666673
8, 0	0.0
7, 0	0.0066666673
6, 0	0.0066666673
5, 0	0.0066666673
4, 0	0.0
3, 0	0.0
2, 0	0.0
1, 0	0.0066666673
0, 0	0.0
16, 0	0.0
18, 0	0.0
3, 0	0.0
19, 0	0.0
4, 0	0.0
5, 0	0.0
6, 0	0.0
7, 0	0.0
8, 0	0.0
9, 0	0.0
10, 0	0.020000001
11, 0	0.0
12, 0	0.0
13, 0	0.0
14, 0	0.0
1, 0	0.0
2, 0	0.020000001
15, 0	0.0
17, 0	0.0
17, 0	0.0
2, 0	0.0
18, 0	0.0
16, 0	0.0057142857
15, 0	0.0
0, 0	0.0057142857
14, 0	0.0
13, 0	0.0
12, 0	0.0
11, 0	0.0057142857
19, 0	0.0
10, 0	0.0
9, 0	0.0057142857
8, 0	0.0057142857
7, 0	0.0057142857
6, 0	0.0
5, 0	0.0
4, 0	0.0
1, 0	0.0
3, 0	0.0057142857
0, 0	0.0066666673
2, 0	0.0
16, 0	0.0
14, 0	0.0
18, 0	0.0
5, 0	0.0
17, 0	0.0066666673
3, 0	0.0
6, 0	0.0
7, 0	0.0066666673
8, 0	0.0
9, 0	0.0066666673
10, 0	0.0
15, 0	0.0066666673
19, 0	0.0
4, 0	0.0066666673
11, 0	0.0
1, 0	0.0
12, 0	0.0
13, 0	0.0
19, 0	0.0
17, 0	0.0
4, 0	0.0
16, 0	0.0
18, 0	0.0
14, 0	0.0050000004
13, 0	0.0
2, 0	0.0
0, 0	0.0
12, 0	0.0050000004
11, 0	0.0
10, 0	0.0050000004
9, 0	0.0050000004
8, 0	0.0
7, 0	0.0050000004
3, 0	0.0
6, 0	0.0050000004
1, 0	0.0050000004
15, 0	0.0
5, 0	0.0050000004
13, 0	0.0050000004
18, 0	0.0050000004
6, 0	0.0050000004
16, 0	0.0
14, 0	0.0
12, 0	0.0
2, 0	0.0
0, 0	0.0
11, 0	0.0
4, 0	0.0
10, 0	0.0050000004
9, 0	0.0
17, 0	0.0
8, 0	0.0050000004
5, 0	0.0050000004
3, 0	0.0
15, 0	0.0050000004
7, 0	0.0
19, 0	0.0
1, 0	0.0050000004
0, 0	0.0
19, 0	0.0
10, 0	0.0
1, 0	0.0066666673
6, 0	0.0
17, 0	0.0
18, 0	0.0
8, 0	0.0
7, 0	0.0066666673
9, 0	0.0
16, 0	0.0
13, 0	0.0
11, 0	0.0
5, 0	0.0066666673
3, 0	0.0066666673
14, 0	0.0066666673
12, 0	0.0
2, 0	0.0
15, 0	0.0
4, 0	0.0066666673
19, 0	0.0
18, 0	0.0
12, 0	0.0
8, 0	0.008
2, 0	0.0
3, 0	0.008
10, 0	0.0
5, 0	0.0
4, 0	0.0
16, 0	0.0
0, 0	0.0
1, 0	0.0
17, 0	0.008
7, 0	0.0
6, 0	0.008
14, 0	0.0
11, 0	0.0
15, 0	0.008
9, 0	0.0
13, 0	0.0
14, 0	0.0
17, 0	0.0
15, 0	0.0050000004
8, 0	0.0
3, 0	0.0050000004
4, 0	0.0050000004
18, 0	0.0
16, 0	0.0
11, 0	0.0050000004
5, 0	0.0050000004
19, 0	0.0
6, 0	0.0
13, 0	0.0
12, 0	0.0050000004
7, 0	0.0
1, 0	0.0050000004
0, 0	0.0
10, 0	0.0
9, 0	0.0050000004
2, 0	0.0
0, 0	0.0
12, 0	0.0057142857
17, 0	0.0
16, 0	0.0
15, 0	0.0
19, 0	0.0057142857
18, 0	0.0057142857
1, 0	0.0
5, 0	0.0057142857
9, 0	0.0
13, 0	0.0
3, 0	0.0
11, 0	0.0
14, 0	0.0
2, 0	0.0057142857
7, 0	0.0
10, 0	0.0057142857
6, 0	0.0057142857
4, 0	0.0
8, 0	0.0
5, 0	0.0
12, 0	0.0
3, 0	0.008
1, 0	0.0
19, 0	0.008
11, 0	0.008
7, 0	0.0
14, 0	0.0
17, 0	0.0
15, 0	0.0
10, 0	0.0
18, 0	0.0
16, 0	0.008
13, 0	0.0
9, 0	0.008
0, 0	0.0
8, 0	0.0
2, 0	0.0
4, 0	0.0
6, 0	0.0
16, 0	0.0066666673
2, 0	0.0
18, 0	0.0
4, 0	0.0
9, 0	0.0066666673
1, 0	0.0
10, 0	0.0066666673
6, 0	0.0
19, 0	0.0
13, 0	0.0
14, 0	0.0
11, 0	0.0
15, 0	0.0
17, 0	0.0066666673
7, 0	0.0
12, 0	0.0066666673
3, 0	0.0
5, 0	0.0066666673
8, 0	0.0
0, 0	0.0
19, 0	0.0
13, 0	0.020000001
5, 0	0.0
17, 0	0.0
15, 0	0.0
12, 0	0.0
11, 0	0.0
10, 0	0.0
9, 0	0.0
8, 0	0.0
18, 0	0.0
16, 0	0.0
7, 0	0.0
0, 0	0.0
6, 0	0.020000001
2, 0	0.0
4, 0	0.0
14, 0	0.0
3, 0	0.0
1, 0	0.0
4, 0	0.0
7, 0	0.010000001
8, 0	0.0
19, 0	0.0
9, 0	0.0
14, 0	0.010000001
17, 0	0.010000001
10, 0	0.0
2, 0	0.0
11, 0	0.0
1, 0	0.0
12, 0	0.0
3, 0	0.0
13, 0	0.0
5, 0	0.010000001
6, 0	0.0
16, 0	0.0
18, 0	0.0
15, 0	0.0
0, 0	0.0
19, 0	0.0
15, 0	0.008
3, 0	0.0
17, 0	0.0
14, 0	0.0
13, 0	0.0
12, 0	0.0
11, 0	0.0
10, 0	0.0
9, 0	0.008
8, 0	0.008
7, 0	0.0
6, 0	0.008
18, 0	0.0
5, 0	0.0
0, 0	0.0
4, 0	0.008
2, 0	0.0
16, 0	0.0
1, 0	0.0
18, 0	0.008
17, 0	0.0
5, 0	0.0
16, 0	0.008
19, 0	0.0
6, 0	0.0
7, 0	0.0
8, 0	0.0
9, 0	0.0
10, 0	0.0
11, 0	0.008
12, 0	0.008
13, 0	0.0
14, 0	0.0
1, 0	0.0
15, 0	0.0
3, 0	0.008
2, 0	0.0
4, 0	0.0
0, 0	0.0
19, 0	0.0
17, 0	0.0066666673
16, 0	0.0
15, 0	0.0
14, 0	0.0066666673
13, 0	0.0
12, 0	0.0066666673
11, 0	0.0
10, 0	0.0
9, 0	0.0
8, 0	0.0066666673
7, 0	0.0
6, 0	0.0
5, 0	0.0
4, 0	0.0066666673
3, 0	0.0
0, 0	0.0
2, 0	0.0
18, 0	0.0066666673
1, 0	0.0
3, 0	0.0
1, 0	0.0066666673
18, 0	0.0066666673
4, 0	0.0
5, 0	0.0
6, 0	0.0066666673
7, 0	0.0
8, 0	0.0
9, 0	0.0
10, 0	0.0066666673
11, 0	0.0
12, 0	0.0
13, 0	0.0
14, 0	0.0
15, 0	0.0
16, 0	0.0066666673
19, 0	0.0
17, 0	0.0066666673
2, 0	0.0
0, 0	0.0
19, 0	0.013333335
18, 0	0.0
17, 0	0.0
16, 0	0.0
15, 0	0.0
14, 0	0.0
13, 0	0.0
12, 0	0.0
11, 0	0.013333335
10, 0	0.013333335
8, 0	0.0
7, 0	0.0
6, 0	0.0
5, 0	0.0
4, 0	0.0
3, 0	0.0
2, 0	0.0
1, 0	0.0
0, 0	0.0
9, 0	0.0
